      0.00       0.00
      0.00       0.00
      0.00       0.80
      0.00       0.60
      0.00       0.40
      0.00       0.20
      0.00       0.10
      0.00       0.05
     45.00       0.80
     45.00       0.60
     45.00       0.40
     45.00       0.20
     45.00       0.10
     45.00       0.05
     90.00       0.80
     90.00       0.60
     90.00       0.40
     90.00       0.20
     90.00       0.10
     90.00       0.05
    135.00       0.80
    135.00       0.60
    135.00       0.40
    135.00       0.20
    135.00       0.10
    135.00       0.05
    180.00       0.80
    180.00       0.60
    180.00       0.40
    180.00       0.20
    180.00       0.10
    180.00       0.05
    225.00       0.80
    225.00       0.60
    225.00       0.40
    225.00       0.20
    225.00       0.10
    225.00       0.05
    270.00       0.80
    270.00       0.60
    270.00       0.40
    270.00       0.20
    270.00       0.10
    270.00       0.05
    315.00       0.80
    315.00       0.60
    315.00       0.40
    315.00       0.20
    315.00       0.10
    315.00       0.05
      0.00       0.00
      0.00       0.00
      0.00       0.80
      0.00       0.60
      0.00       0.40
      0.00       0.20
      0.00       0.10
      0.00       0.05
     45.00       0.80
     45.00       0.60
     45.00       0.40
     45.00       0.20
     45.00       0.10
     45.00       0.05
     90.00       0.80
     90.00       0.60
     90.00       0.40
     90.00       0.20
     90.00       0.10
     90.00       0.05
    135.00       0.80
    135.00       0.60
    135.00       0.40
    135.00       0.20
    135.00       0.10
    135.00       0.05
    180.00       0.80
    180.00       0.60
    180.00       0.40
    180.00       0.20
    180.00       0.10
    180.00       0.05
    225.00       0.80
    225.00       0.60
    225.00       0.40
    225.00       0.20
    225.00       0.10
    225.00       0.05
    270.00       0.80
    270.00       0.60
    270.00       0.40
    270.00       0.20
    270.00       0.10
    270.00       0.05
    315.00       0.80
    315.00       0.60
    315.00       0.40
    315.00       0.20
    315.00       0.10
    315.00       0.05
      0.00       0.00
      0.00       0.00
      0.00       0.80
      0.00       0.60
      0.00       0.40
      0.00       0.20
      0.00       0.10
      0.00       0.05
     45.00       0.80
     45.00       0.60
     45.00       0.40
     45.00       0.20
     45.00       0.10
     45.00       0.05
     90.00       0.80
     90.00       0.60
     90.00       0.40
     90.00       0.20
     90.00       0.10
     90.00       0.05
    135.00       0.80
    135.00       0.60
    135.00       0.40
    135.00       0.20
    135.00       0.10
    135.00       0.05
    180.00       0.80
    180.00       0.60
    180.00       0.40
    180.00       0.20
    180.00       0.10
    180.00       0.05
    225.00       0.80
    225.00       0.60
    225.00       0.40
    225.00       0.20
    225.00       0.10
    225.00       0.05
    270.00       0.80
    270.00       0.60
    270.00       0.40
    270.00       0.20
    270.00       0.10
    270.00       0.05
    315.00       0.80
    315.00       0.60
    315.00       0.40
    315.00       0.20
    315.00       0.10
    315.00       0.05
      0.00       0.00
      0.00       0.00
      0.00       0.80
      0.00       0.60
      0.00       0.40
      0.00       0.20
      0.00       0.10
      0.00       0.05
     45.00       0.80
     45.00       0.60
     45.00       0.40
     45.00       0.20
     45.00       0.10
     45.00       0.05
     90.00       0.80
     90.00       0.60
     90.00       0.40
     90.00       0.20
     90.00       0.10
     90.00       0.05
    135.00       0.80
    135.00       0.60
    135.00       0.40
    135.00       0.20
    135.00       0.10
    135.00       0.05
    180.00       0.80
    180.00       0.60
    180.00       0.40
    180.00       0.20
    180.00       0.10
    180.00       0.05
    225.00       0.80
    225.00       0.60
    225.00       0.40
    225.00       0.20
    225.00       0.10
    225.00       0.05
    270.00       0.80
    270.00       0.60
    270.00       0.40
    270.00       0.20
    270.00       0.10
    270.00       0.05
    315.00       0.80
    315.00       0.60
    315.00       0.40
    315.00       0.20
    315.00       0.10
    315.00       0.05
      0.00       0.00
      0.00       0.00
      0.00       0.80
      0.00       0.60
      0.00       0.40
      0.00       0.20
      0.00       0.10
      0.00       0.05
     45.00       0.80
     45.00       0.60
     45.00       0.40
     45.00       0.20
     45.00       0.10
     45.00       0.05
     90.00       0.80
     90.00       0.60
     90.00       0.40
     90.00       0.20
     90.00       0.10
     90.00       0.05
    135.00       0.80
    135.00       0.60
    135.00       0.40
    135.00       0.20
    135.00       0.10
    135.00       0.05
    180.00       0.80
    180.00       0.60
    180.00       0.40
    180.00       0.20
    180.00       0.10
    180.00       0.05
    225.00       0.80
    225.00       0.60
    225.00       0.40
    225.00       0.20
    225.00       0.10
    225.00       0.05
    270.00       0.80
    270.00       0.60
    270.00       0.40
    270.00       0.20
    270.00       0.10
    270.00       0.05
    315.00       0.80
    315.00       0.60
    315.00       0.40
    315.00       0.20
    315.00       0.10
    315.00       0.05
      0.00       0.00
      0.00       0.00
      0.00       0.80
      0.00       0.60
      0.00       0.40
      0.00       0.20
      0.00       0.10
      0.00       0.05
     45.00       0.80
     45.00       0.60
     45.00       0.40
     45.00       0.20
     45.00       0.10
     45.00       0.05
     90.00       0.80
     90.00       0.60
     90.00       0.40
     90.00       0.20
     90.00       0.10
     90.00       0.05
    135.00       0.80
    135.00       0.60
    135.00       0.40
    135.00       0.20
    135.00       0.10
    135.00       0.05
    180.00       0.80
    180.00       0.60
    180.00       0.40
    180.00       0.20
    180.00       0.10
    180.00       0.05
    225.00       0.80
    225.00       0.60
    225.00       0.40
    225.00       0.20
    225.00       0.10
    225.00       0.05
    270.00       0.80
    270.00       0.60
    270.00       0.40
    270.00       0.20
    270.00       0.10
    270.00       0.05
    315.00       0.80
    315.00       0.60
    315.00       0.40
    315.00       0.20
    315.00       0.10
    315.00       0.05
      0.00       0.00
      0.00       0.00
      0.00       0.80
      0.00       0.60
      0.00       0.40
      0.00       0.20
      0.00       0.10
      0.00       0.05
     45.00       0.80
     45.00       0.60
     45.00       0.40
     45.00       0.20
     45.00       0.10
     45.00       0.05
     90.00       0.80
     90.00       0.60
     90.00       0.40
     90.00       0.20
     90.00       0.10
     90.00       0.05
    135.00       0.80
    135.00       0.60
    135.00       0.40
    135.00       0.20
    135.00       0.10
    135.00       0.05
    180.00       0.80
    180.00       0.60
    180.00       0.40
    180.00       0.20
    180.00       0.10
    180.00       0.05
    225.00       0.80
    225.00       0.60
    225.00       0.40
    225.00       0.20
    225.00       0.10
    225.00       0.05
    270.00       0.80
    270.00       0.60
    270.00       0.40
    270.00       0.20
    270.00       0.10
    270.00       0.05
    315.00       0.80
    315.00       0.60
    315.00       0.40
    315.00       0.20
    315.00       0.10
    315.00       0.05
      0.00       0.00
      0.00       0.00
      0.00       0.80
      0.00       0.60
      0.00       0.40
      0.00       0.20
      0.00       0.10
      0.00       0.05
     45.00       0.80
     45.00       0.60
     45.00       0.40
     45.00       0.20
     45.00       0.10
     45.00       0.05
     90.00       0.80
     90.00       0.60
     90.00       0.40
     90.00       0.20
     90.00       0.10
     90.00       0.05
    135.00       0.80
    135.00       0.60
    135.00       0.40
    135.00       0.20
    135.00       0.10
    135.00       0.05
    180.00       0.80
    180.00       0.60
    180.00       0.40
    180.00       0.20
    180.00       0.10
    180.00       0.05
    225.00       0.80
    225.00       0.60
    225.00       0.40
    225.00       0.20
    225.00       0.10
    225.00       0.05
    270.00       0.80
    270.00       0.60
    270.00       0.40
    270.00       0.20
    270.00       0.10
    270.00       0.05
    315.00       0.80
    315.00       0.60
    315.00       0.40
    315.00       0.20
    315.00       0.10
    315.00       0.05
      0.00       0.00
      0.00       0.00
      0.00       0.80
      0.00       0.60
      0.00       0.40
      0.00       0.20
      0.00       0.10
      0.00       0.05
     45.00       0.80
     45.00       0.60
     45.00       0.40
     45.00       0.20
     45.00       0.10
     45.00       0.05
     90.00       0.80
     90.00       0.60
     90.00       0.40
     90.00       0.20
     90.00       0.10
     90.00       0.05
    135.00       0.80
    135.00       0.60
    135.00       0.40
    135.00       0.20
    135.00       0.10
    135.00       0.05
    180.00       0.80
    180.00       0.60
    180.00       0.40
    180.00       0.20
    180.00       0.10
    180.00       0.05
    225.00       0.80
    225.00       0.60
    225.00       0.40
    225.00       0.20
    225.00       0.10
    225.00       0.05
    270.00       0.80
    270.00       0.60
    270.00       0.40
    270.00       0.20
    270.00       0.10
    270.00       0.05
    315.00       0.80
    315.00       0.60
    315.00       0.40
    315.00       0.20
    315.00       0.10
    315.00       0.05
      0.00       0.00
      0.00       0.00
      0.00       0.80
      0.00       0.60
      0.00       0.40
      0.00       0.20
      0.00       0.10
      0.00       0.05
     45.00       0.80
     45.00       0.60
     45.00       0.40
     45.00       0.20
     45.00       0.10
     45.00       0.05
     90.00       0.80
     90.00       0.60
     90.00       0.40
     90.00       0.20
     90.00       0.10
     90.00       0.05
    135.00       0.80
    135.00       0.60
    135.00       0.40
    135.00       0.20
    135.00       0.10
    135.00       0.05
    180.00       0.80
    180.00       0.60
    180.00       0.40
    180.00       0.20
    180.00       0.10
    180.00       0.05
    225.00       0.80
    225.00       0.60
    225.00       0.40
    225.00       0.20
    225.00       0.10
    225.00       0.05
    270.00       0.80
    270.00       0.60
    270.00       0.40
    270.00       0.20
    270.00       0.10
    270.00       0.05
    315.00       0.80
    315.00       0.60
    315.00       0.40
    315.00       0.20
    315.00       0.10
    315.00       0.05
      0.00       0.00
      0.00       0.00
      0.00       0.80
      0.00       0.60
      0.00       0.40
      0.00       0.20
      0.00       0.10
      0.00       0.05
     45.00       0.80
     45.00       0.60
     45.00       0.40
     45.00       0.20
     45.00       0.10
     45.00       0.05
     90.00       0.80
     90.00       0.60
     90.00       0.40
     90.00       0.20
     90.00       0.10
     90.00       0.05
    135.00       0.80
    135.00       0.60
    135.00       0.40
    135.00       0.20
    135.00       0.10
    135.00       0.05
    180.00       0.80
    180.00       0.60
    180.00       0.40
    180.00       0.20
    180.00       0.10
    180.00       0.05
    225.00       0.80
    225.00       0.60
    225.00       0.40
    225.00       0.20
    225.00       0.10
    225.00       0.05
    270.00       0.80
    270.00       0.60
    270.00       0.40
    270.00       0.20
    270.00       0.10
    270.00       0.05
    315.00       0.80
    315.00       0.60
    315.00       0.40
    315.00       0.20
    315.00       0.10
    315.00       0.05
      0.00       0.00
      0.00       0.00
      0.00       0.80
      0.00       0.60
      0.00       0.40
      0.00       0.20
      0.00       0.10
      0.00       0.05
     45.00       0.80
     45.00       0.60
     45.00       0.40
     45.00       0.20
     45.00       0.10
     45.00       0.05
     90.00       0.80
     90.00       0.60
     90.00       0.40
     90.00       0.20
     90.00       0.10
     90.00       0.05
    135.00       0.80
    135.00       0.60
    135.00       0.40
    135.00       0.20
    135.00       0.10
    135.00       0.05
    180.00       0.80
    180.00       0.60
    180.00       0.40
    180.00       0.20
    180.00       0.10
    180.00       0.05
    225.00       0.80
    225.00       0.60
    225.00       0.40
    225.00       0.20
    225.00       0.10
    225.00       0.05
    270.00       0.80
    270.00       0.60
    270.00       0.40
    270.00       0.20
    270.00       0.10
    270.00       0.05
    315.00       0.80
    315.00       0.60
    315.00       0.40
    315.00       0.20
    315.00       0.10
    315.00       0.05
      0.00       0.00
      0.00       0.00
      0.00       0.80
      0.00       0.60
      0.00       0.40
      0.00       0.20
      0.00       0.10
      0.00       0.05
     45.00       0.80
     45.00       0.60
     45.00       0.40
     45.00       0.20
     45.00       0.10
     45.00       0.05
     90.00       0.80
     90.00       0.60
     90.00       0.40
     90.00       0.20
     90.00       0.10
     90.00       0.05
    135.00       0.80
    135.00       0.60
    135.00       0.40
    135.00       0.20
    135.00       0.10
    135.00       0.05
    180.00       0.80
    180.00       0.60
    180.00       0.40
    180.00       0.20
    180.00       0.10
    180.00       0.05
    225.00       0.80
    225.00       0.60
    225.00       0.40
    225.00       0.20
    225.00       0.10
    225.00       0.05
    270.00       0.80
    270.00       0.60
    270.00       0.40
    270.00       0.20
    270.00       0.10
    270.00       0.05
    315.00       0.80
    315.00       0.60
    315.00       0.40
    315.00       0.20
    315.00       0.10
    315.00       0.05
      0.00       0.00
      0.00       0.00
      0.00       0.80
      0.00       0.60
      0.00       0.40
      0.00       0.20
      0.00       0.10
      0.00       0.05
     45.00       0.80
     45.00       0.60
     45.00       0.40
     45.00       0.20
     45.00       0.10
     45.00       0.05
     90.00       0.80
     90.00       0.60
     90.00       0.40
     90.00       0.20
     90.00       0.10
     90.00       0.05
    135.00       0.80
    135.00       0.60
    135.00       0.40
    135.00       0.20
    135.00       0.10
    135.00       0.05
    180.00       0.80
    180.00       0.60
    180.00       0.40
    180.00       0.20
    180.00       0.10
    180.00       0.05
    225.00       0.80
    225.00       0.60
    225.00       0.40
    225.00       0.20
    225.00       0.10
    225.00       0.05
    270.00       0.80
    270.00       0.60
    270.00       0.40
    270.00       0.20
    270.00       0.10
    270.00       0.05
    315.00       0.80
    315.00       0.60
    315.00       0.40
    315.00       0.20
    315.00       0.10
    315.00       0.05
      0.00       0.00
      0.00       0.00
      0.00       0.80
      0.00       0.60
      0.00       0.40
      0.00       0.20
      0.00       0.10
      0.00       0.05
     45.00       0.80
     45.00       0.60
     45.00       0.40
     45.00       0.20
     45.00       0.10
     45.00       0.05
     90.00       0.80
     90.00       0.60
     90.00       0.40
     90.00       0.20
     90.00       0.10
     90.00       0.05
    135.00       0.80
    135.00       0.60
    135.00       0.40
    135.00       0.20
    135.00       0.10
    135.00       0.05
    180.00       0.80
    180.00       0.60
    180.00       0.40
    180.00       0.20
    180.00       0.10
    180.00       0.05
    225.00       0.80
    225.00       0.60
    225.00       0.40
    225.00       0.20
    225.00       0.10
    225.00       0.05
    270.00       0.80
    270.00       0.60
    270.00       0.40
    270.00       0.20
    270.00       0.10
    270.00       0.05
    315.00       0.80
    315.00       0.60
    315.00       0.40
    315.00       0.20
    315.00       0.10
    315.00       0.05
