93
10
71
48
86
103
65
38
22
91
88
62
104
2
100
47
14
56
64
8
102
50
101
60
43
83
21
81
9
19
58
80
30
4
67
107
41
52
61
76
69
46
28
6
108
7
27
49
18
37
82
34
3
79
96
87
5
55
78
17
45
105
77
99
70
40
35
63
26
44
12
68
24
111
94
25
66
51
54
74
1
20
23
95
32
16
73
89
84
0
75
31
29
53
33
39
97
98
72
15
11
59
13
92
106
110
36
57
109
85
90
42
58
110
67
87
63
47
96
82
40
18
23
83
94
108
17
37
3
105
43
61
85
6
86
76
109
103
21
78
0
59
53
71
45
1
102
64
36
39
107
25
35
73
22
60
98
44
101
46
24
34
72
26
77
100
38
29
104
75
5
62
2
91
74
33
28
42
70
32
48
57
69
65
19
15
41
90
54
14
81
52
95
92
89
88
97
10
27
4
55
9
68
7
16
84
13
80
50
111
79
99
51
30
66
49
20
106
8
11
31
93
56
12
71
27
51
86
75
24
67
29
33
45
44
60
39
10
23
94
52
73
109
5
64
47
25
107
41
40
70
7
55
104
81
35
34
22
87
61
0
92
17
20
31
46
36
65
30
85
63
19
95
105
3
54
49
32
77
111
4
15
99
74
21
108
58
93
13
59
66
14
102
110
103
97
78
100
96
57
62
2
79
18
72
90
88
89
26
42
16
37
53
8
83
69
11
82
56
43
91
80
98
38
84
28
101
12
106
9
50
6
76
1
68
48
62
3
97
11
83
86
78
79
77
34
103
18
25
100
84
76
40
27
15
52
28
87
0
104
57
96
4
85
37
99
74
23
20
43
58
93
102
75
22
44
68
53
82
32
49
41
1
94
63
33
8
31
106
13
16
6
2
21
42
64
108
89
30
12
47
65
9
91
72
51
59
35
24
71
81
54
46
19
61
105
14
45
7
73
29
111
80
50
17
56
110
36
90
10
55
109
95
98
69
92
101
70
107
5
38
67
66
48
60
88
39
26
60
66
16
99
82
4
44
68
38
23
65
55
63
89
8
0
29
92
102
90
39
106
53
78
72
88
58
48
85
14
107
95
10
26
108
98
80
11
25
36
105
84
104
110
67
50
56
73
69
34
109
27
32
35
111
81
100
96
101
43
64
30
91
83
31
1
46
19
86
13
79
93
45
12
59
57
22
41
62
71
9
20
75
61
15
77
3
87
70
97
18
40
47
6
76
28
5
49
17
37
103
54
2
74
94
7
33
21
51
24
52
42
30
102
15
18
89
36
69
76
94
65
41
74
59
66
62
35
63
60
101
104
24
67
64
52
71
78
4
88
27
32
61
23
109
3
33
19
91
107
50
98
110
42
22
43
58
54
68
97
14
56
0
20
55
46
11
28
44
86
57
38
77
105
1
73
53
34
93
2
5
108
21
16
95
31
106
12
37
40
9
90
49
75
83
39
84
17
103
96
45
13
79
92
72
100
47
80
85
48
99
25
70
26
10
81
82
87
8
111
29
51
6
7
41
79
92
54
16
63
81
2
22
23
94
44
28
69
83
103
18
17
61
6
12
49
104
107
66
4
109
93
111
86
15
71
31
1
8
105
55
75
43
70
85
36
47
102
40
89
110
87
76
37
62
100
46
96
60
52
58
57
14
48
13
97
35
84
74
50
95
108
82
32
65
27
34
101
26
39
90
19
77
99
91
68
78
11
29
7
20
80
59
72
98
9
106
56
24
5
64
73
3
0
25
45
33
53
30
21
88
67
38
10
42
51
9
64
59
87
106
83
33
53
43
29
22
30
20
75
5
37
60
35
7
61
44
57
41
58
56
51
111
88
100
52
70
11
14
26
3
2
46
108
77
86
4
97
74
54
101
40
28
45
25
24
80
65
13
62
93
42
6
63
12
36
105
78
102
89
68
71
17
85
23
21
39
95
98
96
66
19
15
110
73
16
99
69
31
18
0
32
76
92
81
27
67
50
104
38
82
48
34
47
90
94
72
109
103
91
107
8
10
55
84
79
49
1
41
23
95
2
49
62
0
56
14
44
86
66
96
25
36
53
31
75
18
101
52
9
57
109
92
84
15
94
77
104
38
32
110
48
60
28
87
100
91
99
20
73
16
51
39
45
22
70
103
105
106
26
42
82
79
64
107
88
90
29
71
17
19
58
69
74
78
37
80
5
83
72
4
46
27
43
65
81
63
98
40
6
10
1
59
76
35
13
47
24
67
50
12
34
89
85
3
111
30
21
68
54
97
33
102
93
11
108
55
61
8
7
62
90
94
103
20
33
11
86
76
84
28
7
16
39
81
56
105
14
80
87
42
17
60
40
21
91
4
5
44
37
26
36
9
100
47
70
101
32
89
106
10
46
49
77
85
24
107
61
6
102
45
93
0
25
52
31
67
111
74
83
54
73
1
41
29
43
68
57
98
79
50
104
12
110
92
66
96
34
58
38
8
78
109
59
71
35
15
69
63
72
53
51
13
30
23
27
55
48
18
108
99
2
19
82
88
3
75
64
97
95
65
22
