93
26
34
16
28
86
85
29
0
49
90
62
10
63
5
95
48
99
24
39
71
54
68
72
66
56
64
101
45
27
1
80
97
32
94
52
70
75
83
36
22
11
35
41
92
74
8
40
50
57
98
87
2
61
78
84
91
77
53
100
73
42
102
47
23
15
19
46
103
31
58
25
43
21
55
82
44
81
20
37
88
13
96
38
9
67
30
76
65
17
59
12
79
69
18
89
33
7
3
60
14
51
4
6
63
23
15
35
73
70
49
88
34
99
84
62
98
83
91
64
1
56
86
19
72
44
36
55
51
16
42
75
22
61
39
66
43
4
30
40
89
32
102
81
57
79
2
24
52
78
11
54
9
90
67
26
58
6
38
8
74
76
65
94
18
29
25
27
3
100
45
14
97
60
20
12
31
46
82
103
21
93
5
96
37
87
59
71
69
95
17
47
85
80
48
101
7
50
41
68
28
13
33
77
92
53
10
0
37
39
14
54
80
47
48
75
7
26
76
91
36
8
28
59
73
93
84
15
45
44
35
70
63
57
40
5
64
58
86
22
55
88
51
3
6
78
52
1
16
99
0
49
83
10
89
17
20
4
79
87
94
60
95
42
33
81
101
102
21
30
56
19
31
46
2
92
65
13
24
38
85
100
72
69
29
74
68
43
97
18
67
53
61
103
41
50
23
82
9
96
27
25
12
62
90
34
66
32
77
71
98
11
59
68
49
9
57
75
96
39
61
71
84
85
101
16
14
87
18
93
0
54
1
67
17
42
45
21
19
29
2
5
31
8
88
97
27
77
35
24
20
15
95
30
80
7
62
76
22
64
53
43
33
28
4
41
81
44
26
25
32
6
58
83
56
38
102
74
103
98
46
36
82
60
12
91
3
52
89
50
78
23
51
34
13
40
11
48
69
90
92
37
47
94
72
10
100
63
86
70
66
79
65
55
73
99
31
19
20
66
0
68
41
86
70
11
103
80
9
15
28
76
38
63
1
74
16
64
54
50
13
49
43
57
4
87
40
77
7
42
12
55
2
79
3
59
88
25
75
65
46
39
36
97
8
24
30
90
71
10
96
51
94
37
26
81
23
29
98
62
78
99
83
85
92
32
69
47
6
82
91
67
18
21
14
58
44
93
102
72
95
22
73
33
27
60
45
35
89
52
17
34
61
5
53
48
84
56
101
100
72
40
74
91
48
83
41
85
92
0
82
38
26
71
47
66
12
81
46
45
64
5
1
42
78
97
77
76
13
65
3
80
43
88
23
7
2
24
87
54
27
103
6
69
35
51
28
86
33
70
99
18
52
58
61
63
37
22
84
56
53
8
9
32
57
50
68
14
4
101
49
34
15
29
16
75
90
59
31
62
39
60
25
44
55
98
30
17
67
11
10
95
93
94
79
100
89
21
19
36
20
102
96
73
83
101
9
71
42
12
33
75
94
52
6
10
96
69
39
41
45
80
8
35
5
51
89
90
56
95
1
46
64
27
2
21
82
7
97
98
50
57
31
68
100
29
93
66
53
30
54
3
16
17
14
20
92
81
43
13
84
79
65
77
25
38
34
24
86
48
74
47
28
26
78
87
4
59
36
76
44
99
18
73
67
40
22
11
49
0
88
15
37
58
85
23
62
19
102
91
70
61
32
103
72
63
60
55
31
96
56
68
34
6
14
89
94
24
27
22
85
86
64
41
72
8
13
7
78
87
84
28
12
32
9
39
62
58
33
91
18
60
52
54
50
63
51
90
42
45
59
5
92
98
11
37
49
19
17
10
80
61
65
95
93
55
82
79
102
16
101
44
71
88
29
81
46
4
70
36
100
47
0
3
53
26
66
38
73
83
99
43
57
76
1
23
2
20
30
103
15
48
25
97
40
77
75
69
21
74
67
35
52
25
84
39
81
93
31
60
5
56
90
86
68
48
91
45
18
59
92
47
3
16
98
71
65
41
11
95
19
74
17
88
72
87
97
6
73
76
102
62
49
37
40
57
66
2
0
78
29
36
4
96
23
54
103
15
12
94
22
32
1
21
13
83
51
61
79
20
43
14
9
100
101
42
77
85
50
28
46
38
24
33
80
82
63
30
27
53
35
67
7
58
34
8
99
26
10
55
64
69
75
89
70
44
74
7
20
92
63
94
37
33
31
84
16
79
91
87
56
5
85
82
95
14
93
38
13
70
49
75
19
102
28
69
36
71
27
1
100
24
26
35
61
78
41
11
0
43
76
12
89
81
54
68
98
64
18
65
77
55
73
51
10
67
32
103
80
2
83
88
53
90
57
59
39
48
66
30
9
42
52
25
8
3
62
40
96
6
34
44
47
99
4
29
60
101
23
22
86
58
97
17
46
72
15
45
50
21









