      0.00       0.00       1.00
      0.00       0.00       1.00
      0.00       0.00       1.00
      0.00       0.00       1.00
      0.00       0.80      60.00
      0.00       0.80      45.00
      0.00       0.80      25.00
      0.00       0.80      15.00
      0.00       0.80       5.00
      0.00       0.40      60.00
      0.00       0.40      45.00
      0.00       0.40      25.00
      0.00       0.40      15.00
      0.00       0.40       5.00
      0.00       0.20      60.00
      0.00       0.20      45.00
      0.00       0.20      25.00
      0.00       0.20      15.00
      0.00       0.20       5.00
      0.00       0.10      60.00
      0.00       0.10      45.00
      0.00       0.10      25.00
      0.00       0.10      15.00
      0.00       0.10       5.00
     90.00       0.80      60.00
     90.00       0.80      45.00
     90.00       0.80      25.00
     90.00       0.80      15.00
     90.00       0.80       5.00
     90.00       0.40      60.00
     90.00       0.40      45.00
     90.00       0.40      25.00
     90.00       0.40      15.00
     90.00       0.40       5.00
     90.00       0.20      60.00
     90.00       0.20      45.00
     90.00       0.20      25.00
     90.00       0.20      15.00
     90.00       0.20       5.00
     90.00       0.10      60.00
     90.00       0.10      45.00
     90.00       0.10      25.00
     90.00       0.10      15.00
     90.00       0.10       5.00
    180.00       0.80      60.00
    180.00       0.80      45.00
    180.00       0.80      25.00
    180.00       0.80      15.00
    180.00       0.80       5.00
    180.00       0.40      60.00
    180.00       0.40      45.00
    180.00       0.40      25.00
    180.00       0.40      15.00
    180.00       0.40       5.00
    180.00       0.20      60.00
    180.00       0.20      45.00
    180.00       0.20      25.00
    180.00       0.20      15.00
    180.00       0.20       5.00
    180.00       0.10      60.00
    180.00       0.10      45.00
    180.00       0.10      25.00
    180.00       0.10      15.00
    180.00       0.10       5.00
    270.00       0.80      60.00
    270.00       0.80      45.00
    270.00       0.80      25.00
    270.00       0.80      15.00
    270.00       0.80       5.00
    270.00       0.40      60.00
    270.00       0.40      45.00
    270.00       0.40      25.00
    270.00       0.40      15.00
    270.00       0.40       5.00
    270.00       0.20      60.00
    270.00       0.20      45.00
    270.00       0.20      25.00
    270.00       0.20      15.00
    270.00       0.20       5.00
    270.00       0.10      60.00
    270.00       0.10      45.00
    270.00       0.10      25.00
    270.00       0.10      15.00
    270.00       0.10       5.00
      0.00       0.00       1.00
      0.00       0.00       1.00
      0.00       0.00       1.00
      0.00       0.00       1.00
      0.00       0.80      60.00
      0.00       0.80      45.00
      0.00       0.80      25.00
      0.00       0.80      15.00
      0.00       0.80       5.00
      0.00       0.40      60.00
      0.00       0.40      45.00
      0.00       0.40      25.00
      0.00       0.40      15.00
      0.00       0.40       5.00
      0.00       0.20      60.00
      0.00       0.20      45.00
      0.00       0.20      25.00
      0.00       0.20      15.00
      0.00       0.20       5.00
      0.00       0.10      60.00
      0.00       0.10      45.00
      0.00       0.10      25.00
      0.00       0.10      15.00
      0.00       0.10       5.00
     90.00       0.80      60.00
     90.00       0.80      45.00
     90.00       0.80      25.00
     90.00       0.80      15.00
     90.00       0.80       5.00
     90.00       0.40      60.00
     90.00       0.40      45.00
     90.00       0.40      25.00
     90.00       0.40      15.00
     90.00       0.40       5.00
     90.00       0.20      60.00
     90.00       0.20      45.00
     90.00       0.20      25.00
     90.00       0.20      15.00
     90.00       0.20       5.00
     90.00       0.10      60.00
     90.00       0.10      45.00
     90.00       0.10      25.00
     90.00       0.10      15.00
     90.00       0.10       5.00
    180.00       0.80      60.00
    180.00       0.80      45.00
    180.00       0.80      25.00
    180.00       0.80      15.00
    180.00       0.80       5.00
    180.00       0.40      60.00
    180.00       0.40      45.00
    180.00       0.40      25.00
    180.00       0.40      15.00
    180.00       0.40       5.00
    180.00       0.20      60.00
    180.00       0.20      45.00
    180.00       0.20      25.00
    180.00       0.20      15.00
    180.00       0.20       5.00
    180.00       0.10      60.00
    180.00       0.10      45.00
    180.00       0.10      25.00
    180.00       0.10      15.00
    180.00       0.10       5.00
    270.00       0.80      60.00
    270.00       0.80      45.00
    270.00       0.80      25.00
    270.00       0.80      15.00
    270.00       0.80       5.00
    270.00       0.40      60.00
    270.00       0.40      45.00
    270.00       0.40      25.00
    270.00       0.40      15.00
    270.00       0.40       5.00
    270.00       0.20      60.00
    270.00       0.20      45.00
    270.00       0.20      25.00
    270.00       0.20      15.00
    270.00       0.20       5.00
    270.00       0.10      60.00
    270.00       0.10      45.00
    270.00       0.10      25.00
    270.00       0.10      15.00
    270.00       0.10       5.00
      0.00       0.00       1.00
      0.00       0.00       1.00
      0.00       0.00       1.00
      0.00       0.00       1.00
      0.00       0.80      60.00
      0.00       0.80      45.00
      0.00       0.80      25.00
      0.00       0.80      15.00
      0.00       0.80       5.00
      0.00       0.40      60.00
      0.00       0.40      45.00
      0.00       0.40      25.00
      0.00       0.40      15.00
      0.00       0.40       5.00
      0.00       0.20      60.00
      0.00       0.20      45.00
      0.00       0.20      25.00
      0.00       0.20      15.00
      0.00       0.20       5.00
      0.00       0.10      60.00
      0.00       0.10      45.00
      0.00       0.10      25.00
      0.00       0.10      15.00
      0.00       0.10       5.00
     90.00       0.80      60.00
     90.00       0.80      45.00
     90.00       0.80      25.00
     90.00       0.80      15.00
     90.00       0.80       5.00
     90.00       0.40      60.00
     90.00       0.40      45.00
     90.00       0.40      25.00
     90.00       0.40      15.00
     90.00       0.40       5.00
     90.00       0.20      60.00
     90.00       0.20      45.00
     90.00       0.20      25.00
     90.00       0.20      15.00
     90.00       0.20       5.00
     90.00       0.10      60.00
     90.00       0.10      45.00
     90.00       0.10      25.00
     90.00       0.10      15.00
     90.00       0.10       5.00
    180.00       0.80      60.00
    180.00       0.80      45.00
    180.00       0.80      25.00
    180.00       0.80      15.00
    180.00       0.80       5.00
    180.00       0.40      60.00
    180.00       0.40      45.00
    180.00       0.40      25.00
    180.00       0.40      15.00
    180.00       0.40       5.00
    180.00       0.20      60.00
    180.00       0.20      45.00
    180.00       0.20      25.00
    180.00       0.20      15.00
    180.00       0.20       5.00
    180.00       0.10      60.00
    180.00       0.10      45.00
    180.00       0.10      25.00
    180.00       0.10      15.00
    180.00       0.10       5.00
    270.00       0.80      60.00
    270.00       0.80      45.00
    270.00       0.80      25.00
    270.00       0.80      15.00
    270.00       0.80       5.00
    270.00       0.40      60.00
    270.00       0.40      45.00
    270.00       0.40      25.00
    270.00       0.40      15.00
    270.00       0.40       5.00
    270.00       0.20      60.00
    270.00       0.20      45.00
    270.00       0.20      25.00
    270.00       0.20      15.00
    270.00       0.20       5.00
    270.00       0.10      60.00
    270.00       0.10      45.00
    270.00       0.10      25.00
    270.00       0.10      15.00
    270.00       0.10       5.00
      0.00       0.00       1.00
      0.00       0.00       1.00
      0.00       0.00       1.00
      0.00       0.00       1.00
      0.00       0.80      60.00
      0.00       0.80      45.00
      0.00       0.80      25.00
      0.00       0.80      15.00
      0.00       0.80       5.00
      0.00       0.40      60.00
      0.00       0.40      45.00
      0.00       0.40      25.00
      0.00       0.40      15.00
      0.00       0.40       5.00
      0.00       0.20      60.00
      0.00       0.20      45.00
      0.00       0.20      25.00
      0.00       0.20      15.00
      0.00       0.20       5.00
      0.00       0.10      60.00
      0.00       0.10      45.00
      0.00       0.10      25.00
      0.00       0.10      15.00
      0.00       0.10       5.00
     90.00       0.80      60.00
     90.00       0.80      45.00
     90.00       0.80      25.00
     90.00       0.80      15.00
     90.00       0.80       5.00
     90.00       0.40      60.00
     90.00       0.40      45.00
     90.00       0.40      25.00
     90.00       0.40      15.00
     90.00       0.40       5.00
     90.00       0.20      60.00
     90.00       0.20      45.00
     90.00       0.20      25.00
     90.00       0.20      15.00
     90.00       0.20       5.00
     90.00       0.10      60.00
     90.00       0.10      45.00
     90.00       0.10      25.00
     90.00       0.10      15.00
     90.00       0.10       5.00
    180.00       0.80      60.00
    180.00       0.80      45.00
    180.00       0.80      25.00
    180.00       0.80      15.00
    180.00       0.80       5.00
    180.00       0.40      60.00
    180.00       0.40      45.00
    180.00       0.40      25.00
    180.00       0.40      15.00
    180.00       0.40       5.00
    180.00       0.20      60.00
    180.00       0.20      45.00
    180.00       0.20      25.00
    180.00       0.20      15.00
    180.00       0.20       5.00
    180.00       0.10      60.00
    180.00       0.10      45.00
    180.00       0.10      25.00
    180.00       0.10      15.00
    180.00       0.10       5.00
    270.00       0.80      60.00
    270.00       0.80      45.00
    270.00       0.80      25.00
    270.00       0.80      15.00
    270.00       0.80       5.00
    270.00       0.40      60.00
    270.00       0.40      45.00
    270.00       0.40      25.00
    270.00       0.40      15.00
    270.00       0.40       5.00
    270.00       0.20      60.00
    270.00       0.20      45.00
    270.00       0.20      25.00
    270.00       0.20      15.00
    270.00       0.20       5.00
    270.00       0.10      60.00
    270.00       0.10      45.00
    270.00       0.10      25.00
    270.00       0.10      15.00
    270.00       0.10       5.00
      0.00       0.00       1.00
      0.00       0.00       1.00
      0.00       0.00       1.00
      0.00       0.00       1.00
      0.00       0.80      60.00
      0.00       0.80      45.00
      0.00       0.80      25.00
      0.00       0.80      15.00
      0.00       0.80       5.00
      0.00       0.40      60.00
      0.00       0.40      45.00
      0.00       0.40      25.00
      0.00       0.40      15.00
      0.00       0.40       5.00
      0.00       0.20      60.00
      0.00       0.20      45.00
      0.00       0.20      25.00
      0.00       0.20      15.00
      0.00       0.20       5.00
      0.00       0.10      60.00
      0.00       0.10      45.00
      0.00       0.10      25.00
      0.00       0.10      15.00
      0.00       0.10       5.00
     90.00       0.80      60.00
     90.00       0.80      45.00
     90.00       0.80      25.00
     90.00       0.80      15.00
     90.00       0.80       5.00
     90.00       0.40      60.00
     90.00       0.40      45.00
     90.00       0.40      25.00
     90.00       0.40      15.00
     90.00       0.40       5.00
     90.00       0.20      60.00
     90.00       0.20      45.00
     90.00       0.20      25.00
     90.00       0.20      15.00
     90.00       0.20       5.00
     90.00       0.10      60.00
     90.00       0.10      45.00
     90.00       0.10      25.00
     90.00       0.10      15.00
     90.00       0.10       5.00
    180.00       0.80      60.00
    180.00       0.80      45.00
    180.00       0.80      25.00
    180.00       0.80      15.00
    180.00       0.80       5.00
    180.00       0.40      60.00
    180.00       0.40      45.00
    180.00       0.40      25.00
    180.00       0.40      15.00
    180.00       0.40       5.00
    180.00       0.20      60.00
    180.00       0.20      45.00
    180.00       0.20      25.00
    180.00       0.20      15.00
    180.00       0.20       5.00
    180.00       0.10      60.00
    180.00       0.10      45.00
    180.00       0.10      25.00
    180.00       0.10      15.00
    180.00       0.10       5.00
    270.00       0.80      60.00
    270.00       0.80      45.00
    270.00       0.80      25.00
    270.00       0.80      15.00
    270.00       0.80       5.00
    270.00       0.40      60.00
    270.00       0.40      45.00
    270.00       0.40      25.00
    270.00       0.40      15.00
    270.00       0.40       5.00
    270.00       0.20      60.00
    270.00       0.20      45.00
    270.00       0.20      25.00
    270.00       0.20      15.00
    270.00       0.20       5.00
    270.00       0.10      60.00
    270.00       0.10      45.00
    270.00       0.10      25.00
    270.00       0.10      15.00
    270.00       0.10       5.00
      0.00       0.00       1.00
      0.00       0.00       1.00
      0.00       0.00       1.00
      0.00       0.00       1.00
      0.00       0.80      60.00
      0.00       0.80      45.00
      0.00       0.80      25.00
      0.00       0.80      15.00
      0.00       0.80       5.00
      0.00       0.40      60.00
      0.00       0.40      45.00
      0.00       0.40      25.00
      0.00       0.40      15.00
      0.00       0.40       5.00
      0.00       0.20      60.00
      0.00       0.20      45.00
      0.00       0.20      25.00
      0.00       0.20      15.00
      0.00       0.20       5.00
      0.00       0.10      60.00
      0.00       0.10      45.00
      0.00       0.10      25.00
      0.00       0.10      15.00
      0.00       0.10       5.00
     90.00       0.80      60.00
     90.00       0.80      45.00
     90.00       0.80      25.00
     90.00       0.80      15.00
     90.00       0.80       5.00
     90.00       0.40      60.00
     90.00       0.40      45.00
     90.00       0.40      25.00
     90.00       0.40      15.00
     90.00       0.40       5.00
     90.00       0.20      60.00
     90.00       0.20      45.00
     90.00       0.20      25.00
     90.00       0.20      15.00
     90.00       0.20       5.00
     90.00       0.10      60.00
     90.00       0.10      45.00
     90.00       0.10      25.00
     90.00       0.10      15.00
     90.00       0.10       5.00
    180.00       0.80      60.00
    180.00       0.80      45.00
    180.00       0.80      25.00
    180.00       0.80      15.00
    180.00       0.80       5.00
    180.00       0.40      60.00
    180.00       0.40      45.00
    180.00       0.40      25.00
    180.00       0.40      15.00
    180.00       0.40       5.00
    180.00       0.20      60.00
    180.00       0.20      45.00
    180.00       0.20      25.00
    180.00       0.20      15.00
    180.00       0.20       5.00
    180.00       0.10      60.00
    180.00       0.10      45.00
    180.00       0.10      25.00
    180.00       0.10      15.00
    180.00       0.10       5.00
    270.00       0.80      60.00
    270.00       0.80      45.00
    270.00       0.80      25.00
    270.00       0.80      15.00
    270.00       0.80       5.00
    270.00       0.40      60.00
    270.00       0.40      45.00
    270.00       0.40      25.00
    270.00       0.40      15.00
    270.00       0.40       5.00
    270.00       0.20      60.00
    270.00       0.20      45.00
    270.00       0.20      25.00
    270.00       0.20      15.00
    270.00       0.20       5.00
    270.00       0.10      60.00
    270.00       0.10      45.00
    270.00       0.10      25.00
    270.00       0.10      15.00
    270.00       0.10       5.00
      0.00       0.00       1.00
      0.00       0.00       1.00
      0.00       0.00       1.00
      0.00       0.00       1.00
      0.00       0.80      60.00
      0.00       0.80      45.00
      0.00       0.80      25.00
      0.00       0.80      15.00
      0.00       0.80       5.00
      0.00       0.40      60.00
      0.00       0.40      45.00
      0.00       0.40      25.00
      0.00       0.40      15.00
      0.00       0.40       5.00
      0.00       0.20      60.00
      0.00       0.20      45.00
      0.00       0.20      25.00
      0.00       0.20      15.00
      0.00       0.20       5.00
      0.00       0.10      60.00
      0.00       0.10      45.00
      0.00       0.10      25.00
      0.00       0.10      15.00
      0.00       0.10       5.00
     90.00       0.80      60.00
     90.00       0.80      45.00
     90.00       0.80      25.00
     90.00       0.80      15.00
     90.00       0.80       5.00
     90.00       0.40      60.00
     90.00       0.40      45.00
     90.00       0.40      25.00
     90.00       0.40      15.00
     90.00       0.40       5.00
     90.00       0.20      60.00
     90.00       0.20      45.00
     90.00       0.20      25.00
     90.00       0.20      15.00
     90.00       0.20       5.00
     90.00       0.10      60.00
     90.00       0.10      45.00
     90.00       0.10      25.00
     90.00       0.10      15.00
     90.00       0.10       5.00
    180.00       0.80      60.00
    180.00       0.80      45.00
    180.00       0.80      25.00
    180.00       0.80      15.00
    180.00       0.80       5.00
    180.00       0.40      60.00
    180.00       0.40      45.00
    180.00       0.40      25.00
    180.00       0.40      15.00
    180.00       0.40       5.00
    180.00       0.20      60.00
    180.00       0.20      45.00
    180.00       0.20      25.00
    180.00       0.20      15.00
    180.00       0.20       5.00
    180.00       0.10      60.00
    180.00       0.10      45.00
    180.00       0.10      25.00
    180.00       0.10      15.00
    180.00       0.10       5.00
    270.00       0.80      60.00
    270.00       0.80      45.00
    270.00       0.80      25.00
    270.00       0.80      15.00
    270.00       0.80       5.00
    270.00       0.40      60.00
    270.00       0.40      45.00
    270.00       0.40      25.00
    270.00       0.40      15.00
    270.00       0.40       5.00
    270.00       0.20      60.00
    270.00       0.20      45.00
    270.00       0.20      25.00
    270.00       0.20      15.00
    270.00       0.20       5.00
    270.00       0.10      60.00
    270.00       0.10      45.00
    270.00       0.10      25.00
    270.00       0.10      15.00
    270.00       0.10       5.00
      0.00       0.00       1.00
      0.00       0.00       1.00
      0.00       0.00       1.00
      0.00       0.00       1.00
      0.00       0.80      60.00
      0.00       0.80      45.00
      0.00       0.80      25.00
      0.00       0.80      15.00
      0.00       0.80       5.00
      0.00       0.40      60.00
      0.00       0.40      45.00
      0.00       0.40      25.00
      0.00       0.40      15.00
      0.00       0.40       5.00
      0.00       0.20      60.00
      0.00       0.20      45.00
      0.00       0.20      25.00
      0.00       0.20      15.00
      0.00       0.20       5.00
      0.00       0.10      60.00
      0.00       0.10      45.00
      0.00       0.10      25.00
      0.00       0.10      15.00
      0.00       0.10       5.00
     90.00       0.80      60.00
     90.00       0.80      45.00
     90.00       0.80      25.00
     90.00       0.80      15.00
     90.00       0.80       5.00
     90.00       0.40      60.00
     90.00       0.40      45.00
     90.00       0.40      25.00
     90.00       0.40      15.00
     90.00       0.40       5.00
     90.00       0.20      60.00
     90.00       0.20      45.00
     90.00       0.20      25.00
     90.00       0.20      15.00
     90.00       0.20       5.00
     90.00       0.10      60.00
     90.00       0.10      45.00
     90.00       0.10      25.00
     90.00       0.10      15.00
     90.00       0.10       5.00
    180.00       0.80      60.00
    180.00       0.80      45.00
    180.00       0.80      25.00
    180.00       0.80      15.00
    180.00       0.80       5.00
    180.00       0.40      60.00
    180.00       0.40      45.00
    180.00       0.40      25.00
    180.00       0.40      15.00
    180.00       0.40       5.00
    180.00       0.20      60.00
    180.00       0.20      45.00
    180.00       0.20      25.00
    180.00       0.20      15.00
    180.00       0.20       5.00
    180.00       0.10      60.00
    180.00       0.10      45.00
    180.00       0.10      25.00
    180.00       0.10      15.00
    180.00       0.10       5.00
    270.00       0.80      60.00
    270.00       0.80      45.00
    270.00       0.80      25.00
    270.00       0.80      15.00
    270.00       0.80       5.00
    270.00       0.40      60.00
    270.00       0.40      45.00
    270.00       0.40      25.00
    270.00       0.40      15.00
    270.00       0.40       5.00
    270.00       0.20      60.00
    270.00       0.20      45.00
    270.00       0.20      25.00
    270.00       0.20      15.00
    270.00       0.20       5.00
    270.00       0.10      60.00
    270.00       0.10      45.00
    270.00       0.10      25.00
    270.00       0.10      15.00
    270.00       0.10       5.00
      0.00       0.00       1.00
      0.00       0.00       1.00
      0.00       0.00       1.00
      0.00       0.00       1.00
      0.00       0.80      60.00
      0.00       0.80      45.00
      0.00       0.80      25.00
      0.00       0.80      15.00
      0.00       0.80       5.00
      0.00       0.40      60.00
      0.00       0.40      45.00
      0.00       0.40      25.00
      0.00       0.40      15.00
      0.00       0.40       5.00
      0.00       0.20      60.00
      0.00       0.20      45.00
      0.00       0.20      25.00
      0.00       0.20      15.00
      0.00       0.20       5.00
      0.00       0.10      60.00
      0.00       0.10      45.00
      0.00       0.10      25.00
      0.00       0.10      15.00
      0.00       0.10       5.00
     90.00       0.80      60.00
     90.00       0.80      45.00
     90.00       0.80      25.00
     90.00       0.80      15.00
     90.00       0.80       5.00
     90.00       0.40      60.00
     90.00       0.40      45.00
     90.00       0.40      25.00
     90.00       0.40      15.00
     90.00       0.40       5.00
     90.00       0.20      60.00
     90.00       0.20      45.00
     90.00       0.20      25.00
     90.00       0.20      15.00
     90.00       0.20       5.00
     90.00       0.10      60.00
     90.00       0.10      45.00
     90.00       0.10      25.00
     90.00       0.10      15.00
     90.00       0.10       5.00
    180.00       0.80      60.00
    180.00       0.80      45.00
    180.00       0.80      25.00
    180.00       0.80      15.00
    180.00       0.80       5.00
    180.00       0.40      60.00
    180.00       0.40      45.00
    180.00       0.40      25.00
    180.00       0.40      15.00
    180.00       0.40       5.00
    180.00       0.20      60.00
    180.00       0.20      45.00
    180.00       0.20      25.00
    180.00       0.20      15.00
    180.00       0.20       5.00
    180.00       0.10      60.00
    180.00       0.10      45.00
    180.00       0.10      25.00
    180.00       0.10      15.00
    180.00       0.10       5.00
    270.00       0.80      60.00
    270.00       0.80      45.00
    270.00       0.80      25.00
    270.00       0.80      15.00
    270.00       0.80       5.00
    270.00       0.40      60.00
    270.00       0.40      45.00
    270.00       0.40      25.00
    270.00       0.40      15.00
    270.00       0.40       5.00
    270.00       0.20      60.00
    270.00       0.20      45.00
    270.00       0.20      25.00
    270.00       0.20      15.00
    270.00       0.20       5.00
    270.00       0.10      60.00
    270.00       0.10      45.00
    270.00       0.10      25.00
    270.00       0.10      15.00
    270.00       0.10       5.00
      0.00       0.00       1.00
      0.00       0.00       1.00
      0.00       0.00       1.00
      0.00       0.00       1.00
      0.00       0.80      60.00
      0.00       0.80      45.00
      0.00       0.80      25.00
      0.00       0.80      15.00
      0.00       0.80       5.00
      0.00       0.40      60.00
      0.00       0.40      45.00
      0.00       0.40      25.00
      0.00       0.40      15.00
      0.00       0.40       5.00
      0.00       0.20      60.00
      0.00       0.20      45.00
      0.00       0.20      25.00
      0.00       0.20      15.00
      0.00       0.20       5.00
      0.00       0.10      60.00
      0.00       0.10      45.00
      0.00       0.10      25.00
      0.00       0.10      15.00
      0.00       0.10       5.00
     90.00       0.80      60.00
     90.00       0.80      45.00
     90.00       0.80      25.00
     90.00       0.80      15.00
     90.00       0.80       5.00
     90.00       0.40      60.00
     90.00       0.40      45.00
     90.00       0.40      25.00
     90.00       0.40      15.00
     90.00       0.40       5.00
     90.00       0.20      60.00
     90.00       0.20      45.00
     90.00       0.20      25.00
     90.00       0.20      15.00
     90.00       0.20       5.00
     90.00       0.10      60.00
     90.00       0.10      45.00
     90.00       0.10      25.00
     90.00       0.10      15.00
     90.00       0.10       5.00
    180.00       0.80      60.00
    180.00       0.80      45.00
    180.00       0.80      25.00
    180.00       0.80      15.00
    180.00       0.80       5.00
    180.00       0.40      60.00
    180.00       0.40      45.00
    180.00       0.40      25.00
    180.00       0.40      15.00
    180.00       0.40       5.00
    180.00       0.20      60.00
    180.00       0.20      45.00
    180.00       0.20      25.00
    180.00       0.20      15.00
    180.00       0.20       5.00
    180.00       0.10      60.00
    180.00       0.10      45.00
    180.00       0.10      25.00
    180.00       0.10      15.00
    180.00       0.10       5.00
    270.00       0.80      60.00
    270.00       0.80      45.00
    270.00       0.80      25.00
    270.00       0.80      15.00
    270.00       0.80       5.00
    270.00       0.40      60.00
    270.00       0.40      45.00
    270.00       0.40      25.00
    270.00       0.40      15.00
    270.00       0.40       5.00
    270.00       0.20      60.00
    270.00       0.20      45.00
    270.00       0.20      25.00
    270.00       0.20      15.00
    270.00       0.20       5.00
    270.00       0.10      60.00
    270.00       0.10      45.00
    270.00       0.10      25.00
    270.00       0.10      15.00
    270.00       0.10       5.00
      0.00       0.00       1.00
      0.00       0.00       1.00
      0.00       0.00       1.00
      0.00       0.00       1.00
      0.00       0.80      60.00
      0.00       0.80      45.00
      0.00       0.80      25.00
      0.00       0.80      15.00
      0.00       0.80       5.00
      0.00       0.40      60.00
      0.00       0.40      45.00
      0.00       0.40      25.00
      0.00       0.40      15.00
      0.00       0.40       5.00
      0.00       0.20      60.00
      0.00       0.20      45.00
      0.00       0.20      25.00
      0.00       0.20      15.00
      0.00       0.20       5.00
      0.00       0.10      60.00
      0.00       0.10      45.00
      0.00       0.10      25.00
      0.00       0.10      15.00
      0.00       0.10       5.00
     90.00       0.80      60.00
     90.00       0.80      45.00
     90.00       0.80      25.00
     90.00       0.80      15.00
     90.00       0.80       5.00
     90.00       0.40      60.00
     90.00       0.40      45.00
     90.00       0.40      25.00
     90.00       0.40      15.00
     90.00       0.40       5.00
     90.00       0.20      60.00
     90.00       0.20      45.00
     90.00       0.20      25.00
     90.00       0.20      15.00
     90.00       0.20       5.00
     90.00       0.10      60.00
     90.00       0.10      45.00
     90.00       0.10      25.00
     90.00       0.10      15.00
     90.00       0.10       5.00
    180.00       0.80      60.00
    180.00       0.80      45.00
    180.00       0.80      25.00
    180.00       0.80      15.00
    180.00       0.80       5.00
    180.00       0.40      60.00
    180.00       0.40      45.00
    180.00       0.40      25.00
    180.00       0.40      15.00
    180.00       0.40       5.00
    180.00       0.20      60.00
    180.00       0.20      45.00
    180.00       0.20      25.00
    180.00       0.20      15.00
    180.00       0.20       5.00
    180.00       0.10      60.00
    180.00       0.10      45.00
    180.00       0.10      25.00
    180.00       0.10      15.00
    180.00       0.10       5.00
    270.00       0.80      60.00
    270.00       0.80      45.00
    270.00       0.80      25.00
    270.00       0.80      15.00
    270.00       0.80       5.00
    270.00       0.40      60.00
    270.00       0.40      45.00
    270.00       0.40      25.00
    270.00       0.40      15.00
    270.00       0.40       5.00
    270.00       0.20      60.00
    270.00       0.20      45.00
    270.00       0.20      25.00
    270.00       0.20      15.00
    270.00       0.20       5.00
    270.00       0.10      60.00
    270.00       0.10      45.00
    270.00       0.10      25.00
    270.00       0.10      15.00
    270.00       0.10       5.00
      0.00       0.00       1.00
      0.00       0.00       1.00
      0.00       0.00       1.00
      0.00       0.00       1.00
      0.00       0.80      60.00
      0.00       0.80      45.00
      0.00       0.80      25.00
      0.00       0.80      15.00
      0.00       0.80       5.00
      0.00       0.40      60.00
      0.00       0.40      45.00
      0.00       0.40      25.00
      0.00       0.40      15.00
      0.00       0.40       5.00
      0.00       0.20      60.00
      0.00       0.20      45.00
      0.00       0.20      25.00
      0.00       0.20      15.00
      0.00       0.20       5.00
      0.00       0.10      60.00
      0.00       0.10      45.00
      0.00       0.10      25.00
      0.00       0.10      15.00
      0.00       0.10       5.00
     90.00       0.80      60.00
     90.00       0.80      45.00
     90.00       0.80      25.00
     90.00       0.80      15.00
     90.00       0.80       5.00
     90.00       0.40      60.00
     90.00       0.40      45.00
     90.00       0.40      25.00
     90.00       0.40      15.00
     90.00       0.40       5.00
     90.00       0.20      60.00
     90.00       0.20      45.00
     90.00       0.20      25.00
     90.00       0.20      15.00
     90.00       0.20       5.00
     90.00       0.10      60.00
     90.00       0.10      45.00
     90.00       0.10      25.00
     90.00       0.10      15.00
     90.00       0.10       5.00
    180.00       0.80      60.00
    180.00       0.80      45.00
    180.00       0.80      25.00
    180.00       0.80      15.00
    180.00       0.80       5.00
    180.00       0.40      60.00
    180.00       0.40      45.00
    180.00       0.40      25.00
    180.00       0.40      15.00
    180.00       0.40       5.00
    180.00       0.20      60.00
    180.00       0.20      45.00
    180.00       0.20      25.00
    180.00       0.20      15.00
    180.00       0.20       5.00
    180.00       0.10      60.00
    180.00       0.10      45.00
    180.00       0.10      25.00
    180.00       0.10      15.00
    180.00       0.10       5.00
    270.00       0.80      60.00
    270.00       0.80      45.00
    270.00       0.80      25.00
    270.00       0.80      15.00
    270.00       0.80       5.00
    270.00       0.40      60.00
    270.00       0.40      45.00
    270.00       0.40      25.00
    270.00       0.40      15.00
    270.00       0.40       5.00
    270.00       0.20      60.00
    270.00       0.20      45.00
    270.00       0.20      25.00
    270.00       0.20      15.00
    270.00       0.20       5.00
    270.00       0.10      60.00
    270.00       0.10      45.00
    270.00       0.10      25.00
    270.00       0.10      15.00
    270.00       0.10       5.00
      0.00       0.00       1.00
      0.00       0.00       1.00
      0.00       0.00       1.00
      0.00       0.00       1.00
      0.00       0.80      60.00
      0.00       0.80      45.00
      0.00       0.80      25.00
      0.00       0.80      15.00
      0.00       0.80       5.00
      0.00       0.40      60.00
      0.00       0.40      45.00
      0.00       0.40      25.00
      0.00       0.40      15.00
      0.00       0.40       5.00
      0.00       0.20      60.00
      0.00       0.20      45.00
      0.00       0.20      25.00
      0.00       0.20      15.00
      0.00       0.20       5.00
      0.00       0.10      60.00
      0.00       0.10      45.00
      0.00       0.10      25.00
      0.00       0.10      15.00
      0.00       0.10       5.00
     90.00       0.80      60.00
     90.00       0.80      45.00
     90.00       0.80      25.00
     90.00       0.80      15.00
     90.00       0.80       5.00
     90.00       0.40      60.00
     90.00       0.40      45.00
     90.00       0.40      25.00
     90.00       0.40      15.00
     90.00       0.40       5.00
     90.00       0.20      60.00
     90.00       0.20      45.00
     90.00       0.20      25.00
     90.00       0.20      15.00
     90.00       0.20       5.00
     90.00       0.10      60.00
     90.00       0.10      45.00
     90.00       0.10      25.00
     90.00       0.10      15.00
     90.00       0.10       5.00
    180.00       0.80      60.00
    180.00       0.80      45.00
    180.00       0.80      25.00
    180.00       0.80      15.00
    180.00       0.80       5.00
    180.00       0.40      60.00
    180.00       0.40      45.00
    180.00       0.40      25.00
    180.00       0.40      15.00
    180.00       0.40       5.00
    180.00       0.20      60.00
    180.00       0.20      45.00
    180.00       0.20      25.00
    180.00       0.20      15.00
    180.00       0.20       5.00
    180.00       0.10      60.00
    180.00       0.10      45.00
    180.00       0.10      25.00
    180.00       0.10      15.00
    180.00       0.10       5.00
    270.00       0.80      60.00
    270.00       0.80      45.00
    270.00       0.80      25.00
    270.00       0.80      15.00
    270.00       0.80       5.00
    270.00       0.40      60.00
    270.00       0.40      45.00
    270.00       0.40      25.00
    270.00       0.40      15.00
    270.00       0.40       5.00
    270.00       0.20      60.00
    270.00       0.20      45.00
    270.00       0.20      25.00
    270.00       0.20      15.00
    270.00       0.20       5.00
    270.00       0.10      60.00
    270.00       0.10      45.00
    270.00       0.10      25.00
    270.00       0.10      15.00
    270.00       0.10       5.00
      0.00       0.00       1.00
      0.00       0.00       1.00
      0.00       0.00       1.00
      0.00       0.00       1.00
      0.00       0.80      60.00
      0.00       0.80      45.00
      0.00       0.80      25.00
      0.00       0.80      15.00
      0.00       0.80       5.00
      0.00       0.40      60.00
      0.00       0.40      45.00
      0.00       0.40      25.00
      0.00       0.40      15.00
      0.00       0.40       5.00
      0.00       0.20      60.00
      0.00       0.20      45.00
      0.00       0.20      25.00
      0.00       0.20      15.00
      0.00       0.20       5.00
      0.00       0.10      60.00
      0.00       0.10      45.00
      0.00       0.10      25.00
      0.00       0.10      15.00
      0.00       0.10       5.00
     90.00       0.80      60.00
     90.00       0.80      45.00
     90.00       0.80      25.00
     90.00       0.80      15.00
     90.00       0.80       5.00
     90.00       0.40      60.00
     90.00       0.40      45.00
     90.00       0.40      25.00
     90.00       0.40      15.00
     90.00       0.40       5.00
     90.00       0.20      60.00
     90.00       0.20      45.00
     90.00       0.20      25.00
     90.00       0.20      15.00
     90.00       0.20       5.00
     90.00       0.10      60.00
     90.00       0.10      45.00
     90.00       0.10      25.00
     90.00       0.10      15.00
     90.00       0.10       5.00
    180.00       0.80      60.00
    180.00       0.80      45.00
    180.00       0.80      25.00
    180.00       0.80      15.00
    180.00       0.80       5.00
    180.00       0.40      60.00
    180.00       0.40      45.00
    180.00       0.40      25.00
    180.00       0.40      15.00
    180.00       0.40       5.00
    180.00       0.20      60.00
    180.00       0.20      45.00
    180.00       0.20      25.00
    180.00       0.20      15.00
    180.00       0.20       5.00
    180.00       0.10      60.00
    180.00       0.10      45.00
    180.00       0.10      25.00
    180.00       0.10      15.00
    180.00       0.10       5.00
    270.00       0.80      60.00
    270.00       0.80      45.00
    270.00       0.80      25.00
    270.00       0.80      15.00
    270.00       0.80       5.00
    270.00       0.40      60.00
    270.00       0.40      45.00
    270.00       0.40      25.00
    270.00       0.40      15.00
    270.00       0.40       5.00
    270.00       0.20      60.00
    270.00       0.20      45.00
    270.00       0.20      25.00
    270.00       0.20      15.00
    270.00       0.20       5.00
    270.00       0.10      60.00
    270.00       0.10      45.00
    270.00       0.10      25.00
    270.00       0.10      15.00
    270.00       0.10       5.00
      0.00       0.00       1.00
      0.00       0.00       1.00
      0.00       0.00       1.00
      0.00       0.00       1.00
      0.00       0.80      60.00
      0.00       0.80      45.00
      0.00       0.80      25.00
      0.00       0.80      15.00
      0.00       0.80       5.00
      0.00       0.40      60.00
      0.00       0.40      45.00
      0.00       0.40      25.00
      0.00       0.40      15.00
      0.00       0.40       5.00
      0.00       0.20      60.00
      0.00       0.20      45.00
      0.00       0.20      25.00
      0.00       0.20      15.00
      0.00       0.20       5.00
      0.00       0.10      60.00
      0.00       0.10      45.00
      0.00       0.10      25.00
      0.00       0.10      15.00
      0.00       0.10       5.00
     90.00       0.80      60.00
     90.00       0.80      45.00
     90.00       0.80      25.00
     90.00       0.80      15.00
     90.00       0.80       5.00
     90.00       0.40      60.00
     90.00       0.40      45.00
     90.00       0.40      25.00
     90.00       0.40      15.00
     90.00       0.40       5.00
     90.00       0.20      60.00
     90.00       0.20      45.00
     90.00       0.20      25.00
     90.00       0.20      15.00
     90.00       0.20       5.00
     90.00       0.10      60.00
     90.00       0.10      45.00
     90.00       0.10      25.00
     90.00       0.10      15.00
     90.00       0.10       5.00
    180.00       0.80      60.00
    180.00       0.80      45.00
    180.00       0.80      25.00
    180.00       0.80      15.00
    180.00       0.80       5.00
    180.00       0.40      60.00
    180.00       0.40      45.00
    180.00       0.40      25.00
    180.00       0.40      15.00
    180.00       0.40       5.00
    180.00       0.20      60.00
    180.00       0.20      45.00
    180.00       0.20      25.00
    180.00       0.20      15.00
    180.00       0.20       5.00
    180.00       0.10      60.00
    180.00       0.10      45.00
    180.00       0.10      25.00
    180.00       0.10      15.00
    180.00       0.10       5.00
    270.00       0.80      60.00
    270.00       0.80      45.00
    270.00       0.80      25.00
    270.00       0.80      15.00
    270.00       0.80       5.00
    270.00       0.40      60.00
    270.00       0.40      45.00
    270.00       0.40      25.00
    270.00       0.40      15.00
    270.00       0.40       5.00
    270.00       0.20      60.00
    270.00       0.20      45.00
    270.00       0.20      25.00
    270.00       0.20      15.00
    270.00       0.20       5.00
    270.00       0.10      60.00
    270.00       0.10      45.00
    270.00       0.10      25.00
    270.00       0.10      15.00
    270.00       0.10       5.00
